NKMAX=164
ZHAT
0.0
10.0
21.5
34.7
49.9
67.4
87.5
110.7
137.3
167.9
203.0
243.5
290.0
340.0
390.0
440.0
490.0
540.0
590.0
640.0
690.0
740.0
790.0
840.0
890.0
940.0
990.0
1040.0
1090.0
1140.0
1190.0
1240.0
1290.0
1340.0
1390.0
1440.0
1490.0
1540.0
1590.0
1640.0
1690.0
1740.0
1790.0
1840.0
1890.0
1940.0
1990.0
2040.0
2090.0
2140.0
2190.0
2240.0
2290.0
2340.0
2390.0
2440.0
2490.0
2540.0
2590.0
2640.0
2690.0
2740.0
2790.0
2840.0
2890.0
2940.0
2990.0
3040.0
3090.0
3140.0
3190.0
3240.0
3290.0
3340.0
3390.0
3440.0
3490.0
3540.0
3597.5
3663.6
3739.7
3827.1
3927.7
4043.4
4176.4
4329.3
4505.2
4705.2
4905.2
5105.2
5305.2
5505.2
5705.2
5905.2
6105.2
6305.2
6505.2
6705.2
6905.2
7105.2
7305.2
7505.2
7705.2
7905.2
8105.2
8305.2
8505.2
8705.2
8905.2
9105.2
9305.2
9505.2
9705.2
9905.2
10105.2
10305.2
10505.2
10705.2
10905.2
11105.2
11305.2
11505.2
11705.2
11905.2
12105.2
12305.2
12505.2
12705.2
12905.2
13105.2
13305.2
13505.2
13705.2
13905.2
14105.2
14305.2
14505.2
14705.2
14905.2
15105.2
15305.2
15505.2
15705.2
15905.2
16105.2
16305.2
16505.2
16705.2
16905.2
17105.2
17305.2
17505.2
17705.2
17905.2
18105.2
18305.2
18505.2
18705.2
18905.2
19105.2
19305.2
19505.2
19705.2
19905.2
20105.2
