NKMAX=84
ZHAT
0.000
4.000
8.400
13.240
18.564
24.420
30.862
37.949
45.744
54.318
63.750
74.125
85.537
98.091
111.900
127.090
143.799
162.179
182.397
204.636
229.100
256.010
285.611
318.172
353.989
393.388
436.727
484.400
536.840
594.524
657.976
727.774
804.551
889.006
981.907
1081.907
1181.907
1281.907
1381.907
1481.907
1581.907
1681.907
1781.907
1881.907
1981.907
2081.907
2181.907
2281.907
2381.907
2481.907
2581.907
2681.907
2781.907
2881.907
2981.907
3081.907
3181.907
3281.907
3381.907
3481.907
3581.907
3681.907
3781.907
3881.907
3981.907
4081.907
4181.907
4281.907
4381.907
4481.907
4581.907
4681.907
4781.907
4881.907
4981.907
5081.907
5181.907
5281.907
5381.907
5481.907
5581.907
5681.907
5781.907
5881.907
5981.907
