NKMAX=266
ZHAT
0.000
2.000
4.200
6.620
9.282
12.210
15.431
18.974
22.872
27.159
31.875
37.062
42.769
49.045
55.950
63.545
71.899
81.089
91.198
102.318
114.550
128.005
142.805
159.086
176.995
196.694
218.364
242.200
268.420
297.262
328.988
363.887
402.276
444.503
490.953
540.953
590.953
640.953
690.953
740.953
790.953
840.953
890.953
940.953
990.953
1040.953
1090.953
1140.953
1190.953
1240.953
1290.953
1340.953
1390.953
1440.953
1490.953
1540.953
1590.953
1640.953
1690.953
1740.953
1790.953
1840.953
1890.953
1940.953
1990.953
2040.953
2090.953
2140.953
2190.953
2240.953
2290.953
2340.953
2390.953
2440.953
2490.953
2540.953
2590.953
2640.953
2690.953
2740.953
2790.953
2840.953
2890.953
2940.953
2990.953
3040.953
3090.953
3140.953
3190.953
3240.953
3290.953
3340.953
3390.953
3440.953
3490.953
3540.953
3590.953
3640.953
3690.953
3740.953
3790.953
3840.953
3890.953
3940.953
3990.953
4040.953
4095.953
4156.453
4223.003
4296.208
4376.734
4465.312
4562.748
4662.748
4762.748
4862.748
4962.748
5062.748
5162.748
5262.748
5362.748
5462.748
5562.748
5662.748
5762.748
5862.748
5962.748
6062.748
6162.748
6262.748
6362.748
6462.748
6562.748
6662.748
6762.748
6862.748
6962.748
7062.748
7162.748
7262.748
7362.748
7462.748
7562.748
7662.748
7762.748
7862.748
7962.748
8062.748
8162.748
8262.748
8362.748
8462.748
8562.748
8662.748
8762.748
8862.748
8962.748
9062.748
9162.748
9262.748
9362.748
9462.748
9562.748
9662.748
9762.748
9862.748
9962.748
10062.748
10162.748
10262.748
10362.748
10462.748
10562.748
10662.748
10762.748
10862.748
10962.748
11062.748
11162.748
11262.748
11362.748
11462.748
11562.748
11662.748
11762.748
11862.748
11962.748
12062.748
12162.748
12262.748
12362.748
12462.748
12562.748
12662.748
12762.748
12862.748
12962.748
13062.748
13162.748
13262.748
13362.748
13462.748
13562.748
13662.748
13762.748
13862.748
13962.748
14062.748
14162.748
14262.748
14362.748
14462.748
14562.748
14662.748
14762.748
14862.748
14962.748
15062.748
15162.748
15262.748
15362.748
15462.748
15562.748
15662.748
15762.748
15862.748
15962.748
16062.748
16162.748
16262.748
16362.748
16462.748
16562.748
16662.748
16762.748
16862.748
16962.748
17062.748
17162.748
17262.748
17362.748
17462.748
17562.748
17662.748
17762.748
17862.748
17962.748
18062.748
18162.748
18262.748
18362.748
18462.748
18562.748
18662.748
18762.748
18862.748
18962.748
19062.748
19162.748
19262.748
19362.748
19462.748
19562.748
19662.748
19762.748
19862.748
19962.748
