NKMAX=111
ZHAT
0.000
2.000
4.200
6.620
9.282
12.210
15.431
18.974
22.872
27.159
31.875
37.062
42.769
49.045
55.950
63.545
71.899
81.089
91.198
102.318
114.550
128.005
142.805
159.086
176.995
196.694
218.364
242.200
268.420
297.262
328.988
363.887
402.276
444.503
490.953
542.049
598.254
660.079
728.087
802.896
885.185
975.704
1075.274
1175.274
1275.274
1375.274
1475.274
1575.274
1675.274
1775.274
1875.274
1975.274
2075.274
2175.274
2275.274
2375.274
2475.274
2575.274
2675.274
2775.274
2875.274
2975.274
3075.274
3175.274
3275.274
3375.274
3475.274
3575.274
3675.274
3775.274
3875.274
3975.274
4075.274
4175.274
4275.274
4375.274
4475.274
4575.274
4675.274
4775.274
4875.274
4975.274
5075.274
5175.274
5275.274
5375.274
5475.274
5575.274
5675.274
5775.274
5875.274
5975.274
6075.274
6175.274
6275.274
6375.274
6475.274
6575.274
6675.274
6775.274
6875.274
6975.274
7075.274
7175.274
7275.274
7375.274
7475.274
7575.274
7675.274
7775.274
7875.274
7975.274
