NKMAX=140
ZHAT
0.000
2.000
4.100
6.305
8.620
11.051
13.604
16.284
19.098
22.053
25.156
28.414
31.834
35.426
39.197
43.157
47.315
51.681
56.265
61.078
66.132
71.439
77.010
82.861
89.004
95.454
102.227
109.338
116.805
124.645
132.878
141.522
150.598
160.128
170.134
180.641
191.673
203.256
215.419
228.190
241.600
255.680
270.464
285.987
302.286
319.400
337.370
356.239
376.051
396.853
418.696
441.631
465.712
490.998
517.548
545.425
574.696
605.431
637.703
671.588
707.167
744.526
783.752
824.940
868.187
913.596
961.276
1011.340
1063.907
1119.102
1177.057
1237.910
1301.805
1368.896
1439.340
1513.307
1590.973
1672.521
1758.148
1848.055
1942.458
2041.581
2141.581
2241.581
2341.581
2441.581
2541.581
2641.581
2741.581
2841.581
2941.581
3041.581
3141.581
3241.581
3341.581
3441.581
3541.581
3641.581
3741.581
3841.581
3941.581
4041.581
4141.581
4241.581
4341.581
4441.581
4541.581
4641.581
4741.581
4841.581
4941.581
5041.581
5141.581
5241.581
5341.581
5441.581
5541.581
5641.581
5741.581
5841.581
5941.581
6041.581
6141.581
6241.581
6341.581
6441.581
6541.581
6641.581
6741.581
6841.581
6941.581
7041.581
7141.581
7241.581
7341.581
7441.581
7541.581
7641.581
7741.581
7841.581
7941.581
