NKMAX=75
ZHAT
0.0
10.0
22.0
36.4
53.7
74.4
99.3
129.2
165.0
208.0
259.6
321.5
395.8
485.0
592.0
720.4
874.4
1059.3
1281.2
1547.4
1847.4
2147.4
2447.4
2747.4
3047.4
3347.4
3647.4
3947.4
4247.4
4547.4
4847.4
5147.4
5447.4
5747.4
6047.4
6347.4
6647.4
6947.4
7247.4
7547.4
7847.4
8147.4
8447.4
8747.4
9047.4
9347.4
9647.4
9947.4
10247.4
10547.4
10847.4
11147.4
11447.4
11747.4
12047.4
12347.4
12647.4
12947.4
13247.4
13547.4
13847.4
14147.4
14447.4
14747.4
15047.4
15347.4
15647.4
15947.4
16247.4
16547.4
16907.4
17339.4
17857.8
18479.9
19226.4
20122.2
