NKMAX=146
ZHAT
0.000
4.000
8.400
13.240
18.564
24.420
30.862
37.949
45.744
54.318
63.750
74.125
85.537
98.091
111.900
127.090
143.799
162.179
182.397
204.636
229.100
256.010
285.611
318.172
353.989
393.388
436.727
484.400
536.840
594.524
657.976
727.774
804.551
889.006
981.907
1081.907
1181.907
1281.907
1381.907
1481.907
1581.907
1681.907
1781.907
1881.907
1981.907
2081.907
2181.907
2281.907
2381.907
2481.907
2581.907
2681.907
2781.907
2881.907
2981.907
3081.907
3181.907
3281.907
3381.907
3481.907
3581.907
3681.907
3781.907
3881.907
3981.907
4081.907
4191.907
4312.907
4446.007
4592.417
4753.468
4930.624
5125.496
5325.496
5525.496
5725.496
5925.496
6125.496
6325.496
6525.496
6725.496
6925.496
7125.496
7325.496
7525.496
7725.496
7925.496
8125.496
8325.496
8525.496
8725.496
8925.496
9125.496
9325.496
9525.496
9725.496
9925.496
10125.496
10325.496
10525.496
10725.496
10925.496
11125.496
11325.496
11525.496
11725.496
11925.496
12125.496
12325.496
12525.496
12725.496
12925.496
13125.496
13325.496
13525.496
13725.496
13925.496
14125.496
14325.496
14525.496
14725.496
14925.496
15125.496
15325.496
15525.496
15725.496
15925.496
16125.496
16325.496
16525.496
16725.496
16925.496
17125.496
17325.496
17525.496
17725.496
17925.496
18125.496
18325.496
18525.496
18725.496
18925.496
19125.496
19325.496
19525.496
19725.496
19925.496
