NKMAX=76
ZHAT
0.000
10.000
21.000
33.100
46.410
61.051
77.156
94.872
114.359
135.795
159.374
185.312
213.843
245.227
279.750
317.725
359.497
405.447
455.992
511.591
572.750
640.025
714.027
795.430
884.973
983.471
1091.818
1210.999
1342.099
1486.309
1644.940
1819.434
2011.378
2211.378
2411.378
2611.378
2811.378
3011.378
3211.378
3411.378
3611.378
3811.378
4011.378
4211.378
4411.378
4611.378
4811.378
5011.378
5231.378
5473.378
5739.578
6032.398
6354.500
6708.812
7098.555
7527.273
7998.863
8517.611
9088.234
9688.234
10288.234
10888.234
11488.234
12088.234
12688.234
13288.234
13888.234
14488.234
15088.234
15688.234
16288.234
16888.234
17488.234
18088.234
18688.234
19288.234
19888.234
