NKMAX=83
ZHAT
0.000
5.000
10.500
16.550
23.205
30.526
38.578
47.436
57.179
67.897
79.687
92.656
106.921
122.614
139.875
158.862
179.749
202.724
227.996
255.795
286.375
320.012
357.014
397.715
442.487
491.735
545.909
605.500
671.050
743.155
822.470
909.717
1005.689
1111.258
1227.383
1355.122
1495.634
1650.197
1820.217
2007.239
2207.239
2407.239
2607.239
2807.239
3007.239
3207.239
3407.239
3607.239
3807.239
4007.239
4207.239
4407.239
4607.239
4807.239
5007.239
5227.239
5469.239
5735.439
6028.259
6350.361
6704.673
7094.417
7523.134
7994.724
8513.472
9084.096
9684.096
10284.096
10884.096
11484.096
12084.096
12684.096
13284.096
13884.096
14484.096
15084.096
15684.096
16284.096
16884.096
17484.096
18084.096
18684.096
19284.096
19884.096
