NKMAX=250
ZHAT
0.000
10.000
21.000
33.100
46.410
61.051
77.156
94.872
114.359
135.795
159.374
185.312
213.843
245.227
279.750
317.725
359.497
405.447
455.447
505.447
555.447
605.447
655.447
705.447
755.447
805.447
855.447
905.447
955.447
1005.447
1055.447
1105.447
1155.447
1205.447
1255.447
1305.447
1355.447
1405.447
1455.447
1505.447
1555.447
1605.447
1655.447
1705.447
1755.447
1805.447
1855.447
1905.447
1955.447
2005.447
2055.447
2105.447
2155.447
2205.447
2255.447
2305.447
2355.447
2405.447
2455.447
2505.447
2555.447
2605.447
2655.447
2705.447
2755.447
2805.447
2855.447
2905.447
2955.447
3005.447
3055.447
3105.447
3155.447
3205.447
3255.447
3305.447
3355.447
3405.447
3455.447
3505.447
3555.447
3605.447
3655.447
3705.447
3755.447
3805.447
3855.447
3905.447
3955.447
4005.447
4060.447
4120.947
4187.497
4260.702
4341.228
4429.806
4527.241
4627.241
4727.241
4827.241
4927.241
5027.241
5127.241
5227.241
5327.241
5427.241
5527.241
5627.241
5727.241
5827.241
5927.241
6027.241
6127.241
6227.241
6327.241
6427.241
6527.241
6627.241
6727.241
6827.241
6927.241
7027.241
7127.241
7227.241
7327.241
7427.241
7527.241
7627.241
7727.241
7827.241
7927.241
8027.241
8127.241
8227.241
8327.241
8427.241
8527.241
8627.241
8727.241
8827.241
8927.241
9027.241
9127.241
9227.241
9327.241
9427.241
9527.241
9627.241
9727.241
9827.241
9927.241
10027.241
10127.241
10227.241
10327.241
10427.241
10527.241
10627.241
10727.241
10827.241
10927.241
11027.241
11127.241
11227.241
11327.241
11427.241
11527.241
11627.241
11727.241
11827.241
11927.241
12027.241
12127.241
12227.241
12327.241
12427.241
12527.241
12627.241
12727.241
12827.241
12927.241
13027.241
13127.241
13227.241
13327.241
13427.241
13527.241
13627.241
13727.241
13827.241
13927.241
14027.241
14127.241
14227.241
14327.241
14427.241
14527.241
14627.241
14727.241
14827.241
14927.241
15027.241
15127.241
15227.241
15327.241
15427.241
15527.241
15627.241
15727.241
15827.241
15927.241
16027.241
16127.241
16227.241
16327.241
16427.241
16527.241
16627.241
16727.241
16827.241
16927.241
17027.241
17127.241
17227.241
17327.241
17427.241
17527.241
17627.241
17727.241
17827.241
17927.241
18027.241
18127.241
18227.241
18327.241
18427.241
18527.241
18627.241
18727.241
18827.241
18927.241
19027.241
19127.241
19227.241
19327.241
19427.241
19527.241
19627.241
19727.241
19827.241
19927.241
