NKMAX=86
ZHAT
0.000
4.000
8.400
13.240
18.564
24.420
30.862
37.949
45.744
54.318
63.750
74.125
85.537
98.091
111.900
127.090
143.799
162.179
182.397
204.636
229.100
256.010
285.611
318.172
353.989
393.388
436.727
484.400
536.840
594.524
657.976
727.774
804.551
889.006
981.907
1084.097
1196.507
1320.158
1456.174
1605.791
1770.370
1951.407
2150.548
2350.548
2550.548
2750.548
2950.548
3150.548
3350.548
3550.548
3750.548
3950.548
4150.548
4350.548
4550.548
4750.548
4950.548
5150.548
5370.548
5612.548
5878.748
6171.568
6493.670
6847.982
7237.726
7666.443
8138.033
8656.781
9227.405
9827.405
10427.405
11027.405
11627.405
12227.405
12827.405
13427.405
14027.405
14627.405
15227.405
15827.405
16427.405
17027.405
17627.405
18227.405
18827.405
19427.405
20027.405
